# Solar System Orbital Elements
#
# Name	a			e			i			L				w				n (omega)		delta a		delta e		delta i		delta L			delta w		delta n		b			c			s			f		
#		semi-axis	eccentric.	inclination	mean long		long of peri	long asc node
####################################################################################################################################################################################################################################
Mercury	0.38709843	0.20563661	7.00559432	252.25166724	77.457718950	48.339618190	0.000000000	0.00002123	-0.00590158	149472.67486623	0.15940013	-0.12214182	0.00000000	0.00000000	0.00000000	0.00000000
Venus	0.72332102	0.00676399	3.39777545	181.97970850	131.76755713	76.672614960	-0.00000026	-0.00005107	0.00043494	58517.81560260	0.05679648	-0.27274174	0.00000000	0.00000000	0.00000000	0.00000000
Earth	1.00000018	0.01673163	-0.00054346	100.46691572	102.93005885	-5.112603890	-0.00000003	-0.00003661	-0.01337178	35999.37306329	0.31795260	-0.24123856	0.00000000	0.00000000	0.00000000	0.00000000
Mars	1.52371243	0.09336511	1.85181869	-4.568131640	-23.91744784	49.713209840	0.00000097	0.00009149	-0.00724757	19140.29934243	0.45223625	-0.26852431	0.00000000	0.00000000	0.00000000	0.00000000
Jupiter	5.20248019	0.04853590	1.29861416	34.334791520	14.274952440	100.29282654	-0.00002864	0.00018026	-0.00322699	3034.90371757	0.18199196	0.13024619	-0.00012452	0.06064060	-0.35635438	38.35125000
Saturn	9.54149883	0.05550825	2.49424102	50.075713290	92.861360630	113.63998702	-0.00003065	-0.00032044	0.00451969	1222.11494724	0.54179478	-0.25015002	0.00025899	-0.13434469	0.87320147	38.35125000
Uranus	19.18797948	0.04685740	0.77298127	314.20276625	172.43404441	73.962502150	-0.00020455	-0.00001550	-0.00180155	428.49512595	0.09266985	0.05739699	0.00058331	-0.97731848	0.17689245	7.67025000
Neptune	30.06952752	0.00895439	1.77005520	304.22289287	46.681587240	131.78635853	0.00006447	0.00000818	0.00022400	218.46515314	0.01009938	-0.00606302	-0.00041348	0.68346318	-0.10162547	7.67025000
Pluto	39.48686035	0.24885238	17.14104260	238.96535011	224.09702598	110.30167986	0.00449751	0.00006016	0.00000501	145.18042903	-0.00968827	-0.00809981	-0.01262724	0.00000000	0.00000000	0.00000000